# DESCRIPTION: Verilator output: Timestamp data for --skip-identical.  Delete at will.
C "-f servant_1.2.1.vc"
T      5279 51393352  1711273478   858893185  1711273478   858893185 "./Vservant_sim.cpp"
T      4061 51393350  1711273478   858893185  1711273478   858893185 "./Vservant_sim.h"
T      1847 51393363  1711273478   858893185  1711273478   858893185 "./Vservant_sim.mk"
T       693 51393347  1711273478   854893010  1711273478   854893010 "./Vservant_sim__Dpi.cpp"
T       437 51393346  1711273478   854893010  1711273478   854893010 "./Vservant_sim__Dpi.h"
T      3124 51393351  1711273478   858893185  1711273478   858893185 "./Vservant_sim__Slow.cpp"
T      1704 51393344  1711273478   854893010  1711273478   854893010 "./Vservant_sim__Syms.cpp"
T      1451 51393345  1711273478   854893010  1711273478   854893010 "./Vservant_sim__Syms.h"
T     70386 51393349  1711273478   854893010  1711273478   854893010 "./Vservant_sim__Trace.cpp"
T    139712 51393348  1711273478   854893010  1711273478   854893010 "./Vservant_sim__Trace__Slow.cpp"
T      1645 51393364  1711273478   862893358  1711273478   862893358 "./Vservant_sim__ver.d"
T         0        0  1711273478   862893358  1711273478   862893358 "./Vservant_sim__verFiles.dat"
T      1913 51393362  1711273478   858893185  1711273478   858893185 "./Vservant_sim_classes.mk"
T    100344 51393398  1711273478   858893185  1711273478   858893185 "./Vservant_sim_servant__M0_MB8000_S1_W1_C0_A0.cpp"
T     12835 51388757  1711273478   858893185  1711273478   858893185 "./Vservant_sim_servant__M0_MB8000_S1_W1_C0_A0.h"
T     67883 51393397  1711273478   858893185  1711273478   858893185 "./Vservant_sim_servant__M0_MB8000_S1_W1_C0_A0__Slow.cpp"
T      6039 51393361  1711273478   858893185  1711273478   858893185 "./Vservant_sim_servant_ram__pi1.cpp"
T      1680 51393359  1711273478   858893185  1711273478   858893185 "./Vservant_sim_servant_ram__pi1.h"
T      1373 51393360  1711273478   858893185  1711273478   858893185 "./Vservant_sim_servant_ram__pi1__Slow.cpp"
T       257 51393355  1711273478   858893185  1711273478   858893185 "./Vservant_sim_servant_sim.cpp"
T      1482 51393353  1711273478   858893185  1711273478   858893185 "./Vservant_sim_servant_sim.h"
T      2006 51393354  1711273478   858893185  1711273478   858893185 "./Vservant_sim_servant_sim__Slow.cpp"
S   7892640 13386530  1711184756   426356123  1598506306           0 "/usr/bin/verilator_bin"
S      1058 51393342  1711273478   738887968  1711273478   738887968 "servant_1.2.1.vc"
S      1974 51398862  1711268790   786130371  1711268787   441068657 "src/serv_1.2.1/rtl/serv_aligner_hwt.v"
S      3484 51395975  1711268877   501952308  1711268868   771844086 "src/serv_1.2.1/rtl/serv_alu_hwt.v"
S      2045 51393310  1711184885   763880101  1711184826   901370495 "src/serv_1.2.1/rtl/serv_bufreg2.v"
S      3453 51399672  1711273478   718887099  1711273450   669669527 "src/serv_1.2.1/rtl/serv_bufreg_hwt.v"
S      8547 51393324  1711184885   763880101  1711184826   901370495 "src/serv_1.2.1/rtl/serv_compdec.v"
S      4299 51393312  1711184885   763880101  1711184826   901370495 "src/serv_1.2.1/rtl/serv_csr.v"
S      3276 51393313  1711184885   763880101  1711184826   901370495 "src/serv_1.2.1/rtl/serv_ctrl.v"
S     13026 51393314  1711184885   763880101  1711184826   901370495 "src/serv_1.2.1/rtl/serv_decode.v"
S      3033 51393315  1711184885   763880101  1711184826   901370495 "src/serv_1.2.1/rtl/serv_immdec.v"
S      2034 51393316  1711184885   763880101  1711184826   901370495 "src/serv_1.2.1/rtl/serv_mem_if.v"
S      4099 51393317  1711184885   763880101  1711184826   901370495 "src/serv_1.2.1/rtl/serv_rf_if.v"
S      1203 51393319  1711184885   763880101  1711184826   901370495 "src/serv_1.2.1/rtl/serv_rf_ram.v"
S      4385 51393318  1711184885   763880101  1711184826   901370495 "src/serv_1.2.1/rtl/serv_rf_ram_if.v"
S      6494 51393322  1711184885   763880101  1711184826   901370495 "src/serv_1.2.1/rtl/serv_rf_top.v"
S      8293 51393320  1711184885   763880101  1711184826   901370495 "src/serv_1.2.1/rtl/serv_state.v"
S     17637 51393321  1711184885   763880101  1711184826   901370495 "src/serv_1.2.1/rtl/serv_top.v"
S       826 51393339  1711184885   775880612  1711184826   877369469 "src/servant_1.2.1/bench/servant_sim.v"
S      4173 51393338  1711184885   775880612  1711184826   901370495 "src/servant_1.2.1/servant/servant.v"
S       293 51393335  1711184885   775880612  1711184826   901370495 "src/servant_1.2.1/servant/servant_gpio.v"
S      1264 51393336  1711184885   775880612  1711184826   901370495 "src/servant_1.2.1/servant/servant_mux.v"
S      1207 51393337  1711184885   775880612  1711184826   901370495 "src/servant_1.2.1/servant/servant_ram.v"
S       884 51393334  1711184885   775880612  1711184826   901370495 "src/servant_1.2.1/servant/servant_timer.v"
S      7225 51393330  1711184885   767880271  1711184826   905370665 "src/servile_1.3.0/servile/servile.v"
S      1528 51393329  1711184885   767880271  1711184826   905370665 "src/servile_1.3.0/servile/servile_arbiter.v"
S      2864 51393328  1711184885   767880271  1711184826   905370665 "src/servile_1.3.0/servile/servile_mux.v"
S      2405 51393327  1711184885   763880101  1711184826   905370665 "src/servile_1.3.0/servile/servile_rf_mem_if.v"
